1 0 34 3
1 1 35 3
1 2 34 4
1 3 35 4
1 4 36 4
1 5 34 5
1 6 35 5
1 7 36 5
1 8 37 5
1 9 38 5
1 10 34 6
1 11 35 6
1 12 36 6
1 13 37 6
1 14 38 6
1 15 39 6
1 16 33 7
1 17 34 7
1 18 35 7
1 19 36 7
1 20 37 7
1 21 38 7
1 22 39 7
1 23 40 7
1 24 33 8
1 25 34 8
1 26 35 8
1 27 36 8
1 28 37 8
1 29 38 8
1 30 39 8
1 31 40 8
1 32 33 9
1 33 34 9
1 34 35 9
1 35 36 9
1 36 37 9
1 37 38 9
1 38 39 9
1 39 40 9
1 40 33 10
1 41 34 10
1 42 35 10
1 43 36 10
1 44 37 10
1 45 38 10
1 46 39 10
1 47 40 10
1 48 33 11
1 49 34 11
1 50 35 11
1 51 36 11
1 52 37 11
1 53 38 11
1 54 39 11
1 55 40 11
1 56 33 12
1 57 34 12
1 58 35 12
1 59 36 12
1 60 37 12
1 61 38 12
1 62 39 12
1 63 40 12
2 0 33 13
2 1 34 13
2 2 35 13
2 3 36 13
2 4 37 13
2 5 38 13
2 6 39 13
2 7 40 13
2 8 33 14
2 9 34 14
2 10 35 14
2 11 36 14
2 12 37 14
2 13 38 14
2 14 39 14
2 15 40 14
2 16 33 15
2 17 34 15
2 18 35 15
2 19 36 15
2 20 37 15
2 21 38 15
2 22 39 15
2 23 40 15
2 24 33 16
2 25 34 16
2 26 35 16
2 27 36 16
2 28 37 16
2 29 38 16
2 30 39 16
2 31 40 16
2 32 33 17
2 33 34 17
2 34 35 17
2 35 36 17
2 36 37 17
2 37 38 17
2 38 39 17
2 39 40 17
2 40 33 18
2 41 34 18
2 42 35 18
2 43 36 18
2 44 37 18
2 45 38 18
2 46 39 18
2 47 40 18
2 48 33 19
2 49 34 19
2 50 35 19
2 51 36 19
2 52 37 19
2 53 38 19
2 54 39 19
2 55 40 19
2 56 33 20
2 57 34 20
2 58 35 20
2 59 36 20
2 60 37 20
2 61 38 20
2 62 39 20
2 63 40 20
3 0 33 21
3 1 34 21
3 2 35 21
3 3 36 21
3 4 37 21
3 5 38 21
3 6 39 21
3 7 40 21
3 8 33 22
3 9 34 22
3 10 35 22
3 11 36 22
3 12 37 22
3 13 38 22
3 14 39 22
3 15 40 22
3 16 33 23
3 17 34 23
3 18 35 23
3 19 36 23
3 20 37 23
3 21 38 23
3 22 39 23
3 23 40 23
3 24 33 24
3 25 34 24
3 26 35 24
3 27 36 24
3 28 37 24
3 29 38 24
3 30 39 24
3 31 40 24
3 32 33 25
3 33 34 25
3 34 35 25
3 35 36 25
3 36 37 25
3 37 38 25
3 38 39 25
3 39 40 25
3 40 33 26
3 41 34 26
3 42 35 26
3 43 36 26
3 44 37 26
3 45 38 26
3 46 39 26
3 47 40 26
3 48 33 27
3 49 34 27
3 50 35 27
3 51 36 27
3 52 37 27
3 53 38 27
3 54 39 27
3 55 40 27
3 56 33 28
3 57 34 28
3 58 35 28
3 59 36 28
3 60 37 28
3 61 38 28
3 62 39 28
3 63 40 28
4 0 33 29
4 1 34 29
4 2 35 29
4 3 36 29
4 4 37 29
4 5 38 29
4 6 39 29
4 7 40 29
4 8 33 30
4 9 34 30
4 10 35 30
4 11 36 30
4 12 37 30
4 13 38 30
4 14 39 30
4 15 40 30
4 16 33 31
4 17 34 31
4 18 35 31
4 19 36 31
4 20 37 31
4 21 38 31
4 22 39 31
4 23 40 31
4 24 33 32
4 25 34 32
4 26 35 32
4 27 36 32
4 28 37 32
4 29 38 32
4 30 39 32
4 31 40 32
4 32 33 33
4 33 34 33
4 34 35 33
4 35 36 33
4 36 37 33
4 37 38 33
4 38 39 33
4 39 40 33
4 40 33 34
4 41 34 34
4 42 35 34
4 43 36 34
4 44 37 34
4 45 38 34
4 46 39 34
4 47 40 34
4 48 33 35
4 49 34 35
4 50 35 35
4 51 36 35
4 52 37 35
4 53 38 35
4 54 39 35
4 55 40 35
4 56 33 36
4 57 34 36
4 58 35 36
4 59 36 36
4 60 37 36
4 61 38 36
4 62 39 36
4 63 40 36
5 0 33 37
5 1 34 37
5 2 35 37
5 3 36 37
5 4 37 37
5 5 38 37
5 6 39 37
5 7 40 37
5 8 33 38
5 9 34 38
5 10 35 38
5 11 36 38
5 12 37 38
5 13 38 38
5 14 39 38
5 15 40 38
5 16 33 39
5 17 34 39
5 18 35 39
5 19 36 39
5 20 37 39
5 21 38 39
5 22 39 39
5 23 40 39
5 24 33 40
5 25 34 40
5 26 35 40
5 27 36 40
5 28 37 40
5 29 38 40
5 30 39 40
5 31 40 40
5 32 33 41
5 33 34 41
5 34 35 41
5 35 36 41
5 36 37 41
5 37 38 41
5 38 39 41
5 39 40 41
5 40 33 42
5 41 34 42
5 42 35 42
5 43 36 42
5 44 37 42
5 45 38 42
5 46 39 42
5 47 40 42
5 48 34 43
5 49 35 43
5 50 36 43
5 51 37 43
5 52 38 43
5 53 39 43
5 54 34 44
5 55 35 44
5 56 36 44
5 57 37 44
5 58 38 44
5 59 34 45
5 60 35 45
5 61 36 45
5 62 34 46
5 63 35 46
6 0 41 29
6 1 42 29
6 2 43 29
6 3 44 29
6 4 45 29
6 5 46 29
6 6 47 29
6 7 41 30
6 8 42 30
6 9 43 30
6 10 44 30
6 11 45 30
6 12 46 30
6 13 47 30
6 14 41 31
6 15 42 31
6 16 43 31
6 17 44 31
6 18 45 31
6 19 46 31
6 20 47 31
6 21 41 32
6 22 42 32
6 23 43 32
6 24 44 32
6 25 45 32
6 26 46 32
6 27 47 32
6 28 41 33
6 29 42 33
6 30 43 33
6 31 44 33
6 32 45 33
6 33 46 33
6 34 41 34
6 35 42 34
6 36 43 34
6 37 44 34
6 38 45 34
6 39 46 34
6 40 41 35
6 41 42 35
6 42 43 35
6 43 44 35
6 44 45 35
6 45 41 36
6 46 42 36
6 47 43 36
6 48 44 36
6 49 45 36
6 50 41 37
6 51 42 37
6 52 43 37
6 53 44 37
6 54 41 38
6 55 42 38
6 56 43 38
6 57 44 38
6 58 41 39
6 59 42 39
6 60 43 39
6 61 41 40
6 62 42 40
6 63 41 41
7 0 41 21
7 1 42 21
7 2 43 21
7 3 44 21
7 4 45 21
7 5 46 21
7 6 47 21
7 7 48 21
7 8 41 22
7 9 42 22
7 10 43 22
7 11 44 22
7 12 45 22
7 13 46 22
7 14 47 22
7 15 48 22
7 16 41 23
7 17 42 23
7 18 43 23
7 19 44 23
7 20 45 23
7 21 46 23
7 22 47 23
7 23 48 23
7 24 41 24
7 25 42 24
7 26 43 24
7 27 44 24
7 28 45 24
7 29 46 24
7 30 47 24
7 31 48 24
7 32 41 25
7 33 42 25
7 34 43 25
7 35 44 25
7 36 45 25
7 37 46 25
7 38 47 25
7 39 48 25
7 40 41 26
7 41 42 26
7 42 43 26
7 43 44 26
7 44 45 26
7 45 46 26
7 46 47 26
7 47 48 26
7 48 41 27
7 49 42 27
7 50 43 27
7 51 44 27
7 52 45 27
7 53 46 27
7 54 47 27
7 55 48 27
7 56 41 28
7 57 42 28
7 58 43 28
7 59 44 28
7 60 45 28
7 61 46 28
7 62 47 28
7 63 48 28
8 0 41 8
8 1 41 9
8 2 42 9
8 3 41 10
8 4 42 10
8 5 43 10
8 6 41 11
8 7 42 11
8 8 43 11
8 9 44 11
8 10 41 12
8 11 42 12
8 12 43 12
8 13 44 12
8 14 41 13
8 15 42 13
8 16 43 13
8 17 44 13
8 18 45 13
8 19 41 14
8 20 42 14
8 21 43 14
8 22 44 14
8 23 45 14
8 24 41 15
8 25 42 15
8 26 43 15
8 27 44 15
8 28 45 15
8 29 46 15
8 30 41 16
8 31 42 16
8 32 43 16
8 33 44 16
8 34 45 16
8 35 46 16
8 36 41 17
8 37 42 17
8 38 43 17
8 39 44 17
8 40 45 17
8 41 46 17
8 42 47 17
8 43 41 18
8 44 42 18
8 45 43 18
8 46 44 18
8 47 45 18
8 48 46 18
8 49 47 18
8 50 41 19
8 51 42 19
8 52 43 19
8 53 44 19
8 54 45 19
8 55 46 19
8 56 47 19
8 57 41 20
8 58 42 20
8 59 43 20
8 60 44 20
8 61 45 20
8 62 46 20
8 63 47 20
9 0 25 1
9 1 26 1
9 2 27 1
9 3 28 1
9 4 25 2
9 5 26 2
9 6 27 2
9 7 28 2
9 8 29 2
9 9 30 2
9 10 31 2
9 11 32 2
9 12 25 3
9 13 26 3
9 14 27 3
9 15 28 3
9 16 29 3
9 17 30 3
9 18 31 3
9 19 32 3
9 20 33 3
9 21 25 4
9 22 26 4
9 23 27 4
9 24 28 4
9 25 29 4
9 26 30 4
9 27 31 4
9 28 32 4
9 29 33 4
9 30 25 5
9 31 26 5
9 32 27 5
9 33 28 5
9 34 29 5
9 35 30 5
9 36 31 5
9 37 32 5
9 38 33 5
9 39 25 6
9 40 26 6
9 41 27 6
9 42 28 6
9 43 29 6
9 44 30 6
9 45 31 6
9 46 32 6
9 47 33 6
9 48 25 7
9 49 26 7
9 50 27 7
9 51 28 7
9 52 29 7
9 53 30 7
9 54 31 7
9 55 32 7
9 56 25 8
9 57 26 8
9 58 27 8
9 59 28 8
9 60 29 8
9 61 30 8
9 62 31 8
9 63 32 8
10 0 25 9
10 1 26 9
10 2 27 9
10 3 28 9
10 4 29 9
10 5 30 9
10 6 31 9
10 7 32 9
10 8 25 10
10 9 26 10
10 10 27 10
10 11 28 10
10 12 29 10
10 13 30 10
10 14 31 10
10 15 32 10
10 16 25 11
10 17 26 11
10 18 27 11
10 19 28 11
10 20 29 11
10 21 30 11
10 22 31 11
10 23 32 11
10 24 25 12
10 25 26 12
10 26 27 12
10 27 28 12
10 28 29 12
10 29 30 12
10 30 31 12
10 31 32 12
10 32 25 13
10 33 26 13
10 34 27 13
10 35 28 13
10 36 29 13
10 37 30 13
10 38 31 13
10 39 32 13
10 40 25 14
10 41 26 14
10 42 27 14
10 43 28 14
10 44 29 14
10 45 30 14
10 46 31 14
10 47 32 14
10 48 25 15
10 49 26 15
10 50 27 15
10 51 28 15
10 52 29 15
10 53 30 15
10 54 31 15
10 55 32 15
10 56 25 16
10 57 26 16
10 58 27 16
10 59 28 16
10 60 29 16
10 61 30 16
10 62 31 16
10 63 32 16
11 0 25 17
11 1 26 17
11 2 27 17
11 3 28 17
11 4 29 17
11 5 30 17
11 6 31 17
11 7 32 17
11 8 25 18
11 9 26 18
11 10 27 18
11 11 28 18
11 12 29 18
11 13 30 18
11 14 31 18
11 15 32 18
11 16 25 19
11 17 26 19
11 18 27 19
11 19 28 19
11 20 29 19
11 21 30 19
11 22 31 19
11 23 32 19
11 24 25 20
11 25 26 20
11 26 27 20
11 27 28 20
11 28 29 20
11 29 30 20
11 30 31 20
11 31 32 20
11 32 25 21
11 33 26 21
11 34 27 21
11 35 28 21
11 36 29 21
11 37 30 21
11 38 31 21
11 39 32 21
11 40 25 22
11 41 26 22
11 42 27 22
11 43 28 22
11 44 29 22
11 45 30 22
11 46 31 22
11 47 32 22
11 48 25 23
11 49 26 23
11 50 27 23
11 51 28 23
11 52 29 23
11 53 30 23
11 54 31 23
11 55 32 23
11 56 25 24
11 57 26 24
11 58 27 24
11 59 28 24
11 60 29 24
11 61 30 24
11 62 31 24
11 63 32 24
12 0 25 25
12 1 26 25
12 2 27 25
12 3 28 25
12 4 29 25
12 5 30 25
12 6 31 25
12 7 32 25
12 8 25 26
12 9 26 26
12 10 27 26
12 11 28 26
12 12 29 26
12 13 30 26
12 14 31 26
12 15 32 26
12 16 25 27
12 17 26 27
12 18 27 27
12 19 28 27
12 20 29 27
12 21 30 27
12 22 31 27
12 23 32 27
12 24 25 28
12 25 26 28
12 26 27 28
12 27 28 28
12 28 29 28
12 29 30 28
12 30 31 28
12 31 32 28
12 32 25 29
12 33 26 29
12 34 27 29
12 35 28 29
12 36 29 29
12 37 30 29
12 38 31 29
12 39 32 29
12 40 25 30
12 41 26 30
12 42 27 30
12 43 28 30
12 44 29 30
12 45 30 30
12 46 31 30
12 47 32 30
12 48 25 31
12 49 26 31
12 50 27 31
12 51 28 31
12 52 29 31
12 53 30 31
12 54 31 31
12 55 32 31
12 56 25 32
12 57 26 32
12 58 27 32
12 59 28 32
12 60 29 32
12 61 30 32
12 62 31 32
12 63 32 32
13 0 25 33
13 1 26 33
13 2 27 33
13 3 28 33
13 4 29 33
13 5 30 33
13 6 31 33
13 7 32 33
13 8 25 34
13 9 26 34
13 10 27 34
13 11 28 34
13 12 29 34
13 13 30 34
13 14 31 34
13 15 32 34
13 16 25 35
13 17 26 35
13 18 27 35
13 19 28 35
13 20 29 35
13 21 30 35
13 22 31 35
13 23 32 35
13 24 25 36
13 25 26 36
13 26 27 36
13 27 28 36
13 28 29 36
13 29 30 36
13 30 31 36
13 31 32 36
13 32 25 37
13 33 26 37
13 34 27 37
13 35 28 37
13 36 29 37
13 37 30 37
13 38 31 37
13 39 32 37
13 40 25 38
13 41 26 38
13 42 27 38
13 43 28 38
13 44 29 38
13 45 30 38
13 46 31 38
13 47 32 38
13 48 25 39
13 49 26 39
13 50 27 39
13 51 28 39
13 52 29 39
13 53 30 39
13 54 31 39
13 55 32 39
13 56 25 40
13 57 26 40
13 58 27 40
13 59 28 40
13 60 29 40
13 61 30 40
13 62 31 40
13 63 32 40
14 0 25 41
14 1 26 41
14 2 27 41
14 3 28 41
14 4 29 41
14 5 30 41
14 6 31 41
14 7 32 41
14 8 25 42
14 9 26 42
14 10 27 42
14 11 28 42
14 12 29 42
14 13 30 42
14 14 31 42
14 15 32 42
14 16 25 43
14 17 26 43
14 18 27 43
14 19 28 43
14 20 29 43
14 21 30 43
14 22 31 43
14 23 32 43
14 24 33 43
14 25 25 44
14 26 26 44
14 27 27 44
14 28 28 44
14 29 29 44
14 30 30 44
14 31 31 44
14 32 32 44
14 33 33 44
14 34 25 45
14 35 26 45
14 36 27 45
14 37 28 45
14 38 29 45
14 39 30 45
14 40 31 45
14 41 32 45
14 42 33 45
14 43 25 46
14 44 26 46
14 45 27 46
14 46 28 46
14 47 29 46
14 48 30 46
14 49 31 46
14 50 32 46
14 51 33 46
14 52 25 47
14 53 26 47
14 54 27 47
14 55 28 47
14 56 29 47
14 57 30 47
14 58 31 47
14 59 32 47
14 60 25 48
14 61 26 48
14 62 27 48
14 63 28 48
15 0 21 1
15 1 22 1
15 2 23 1
15 3 24 1
15 4 17 2
15 5 18 2
15 6 19 2
15 7 20 2
15 8 21 2
15 9 22 2
15 10 23 2
15 11 24 2
15 12 16 3
15 13 17 3
15 14 18 3
15 15 19 3
15 16 20 3
15 17 21 3
15 18 22 3
15 19 23 3
15 20 24 3
15 21 16 4
15 22 17 4
15 23 18 4
15 24 19 4
15 25 20 4
15 26 21 4
15 27 22 4
15 28 23 4
15 29 24 4
15 30 16 5
15 31 17 5
15 32 18 5
15 33 19 5
15 34 20 5
15 35 21 5
15 36 22 5
15 37 23 5
15 38 24 5
15 39 16 6
15 40 17 6
15 41 18 6
15 42 19 6
15 43 20 6
15 44 21 6
15 45 22 6
15 46 23 6
15 47 24 6
15 48 17 7
15 49 18 7
15 50 19 7
15 51 20 7
15 52 21 7
15 53 22 7
15 54 23 7
15 55 24 7
15 56 17 8
15 57 18 8
15 58 19 8
15 59 20 8
15 60 21 8
15 61 22 8
15 62 23 8
15 63 24 8
16 0 17 9
16 1 18 9
16 2 19 9
16 3 20 9
16 4 21 9
16 5 22 9
16 6 23 9
16 7 24 9
16 8 17 10
16 9 18 10
16 10 19 10
16 11 20 10
16 12 21 10
16 13 22 10
16 14 23 10
16 15 24 10
16 16 17 11
16 17 18 11
16 18 19 11
16 19 20 11
16 20 21 11
16 21 22 11
16 22 23 11
16 23 24 11
16 24 17 12
16 25 18 12
16 26 19 12
16 27 20 12
16 28 21 12
16 29 22 12
16 30 23 12
16 31 24 12
16 32 17 13
16 33 18 13
16 34 19 13
16 35 20 13
16 36 21 13
16 37 22 13
16 38 23 13
16 39 24 13
16 40 17 14
16 41 18 14
16 42 19 14
16 43 20 14
16 44 21 14
16 45 22 14
16 46 23 14
16 47 24 14
16 48 17 15
16 49 18 15
16 50 19 15
16 51 20 15
16 52 21 15
16 53 22 15
16 54 23 15
16 55 24 15
16 56 17 16
16 57 18 16
16 58 19 16
16 59 20 16
16 60 21 16
16 61 22 16
16 62 23 16
16 63 24 16
17 0 17 17
17 1 18 17
17 2 19 17
17 3 20 17
17 4 21 17
17 5 22 17
17 6 23 17
17 7 24 17
17 8 17 18
17 9 18 18
17 10 19 18
17 11 20 18
17 12 21 18
17 13 22 18
17 14 23 18
17 15 24 18
17 16 17 19
17 17 18 19
17 18 19 19
17 19 20 19
17 20 21 19
17 21 22 19
17 22 23 19
17 23 24 19
17 24 17 20
17 25 18 20
17 26 19 20
17 27 20 20
17 28 21 20
17 29 22 20
17 30 23 20
17 31 24 20
17 32 17 21
17 33 18 21
17 34 19 21
17 35 20 21
17 36 21 21
17 37 22 21
17 38 23 21
17 39 24 21
17 40 17 22
17 41 18 22
17 42 19 22
17 43 20 22
17 44 21 22
17 45 22 22
17 46 23 22
17 47 24 22
17 48 17 23
17 49 18 23
17 50 19 23
17 51 20 23
17 52 21 23
17 53 22 23
17 54 23 23
17 55 24 23
17 56 17 24
17 57 18 24
17 58 19 24
17 59 20 24
17 60 21 24
17 61 22 24
17 62 23 24
17 63 24 24
18 0 17 25
18 1 18 25
18 2 19 25
18 3 20 25
18 4 21 25
18 5 22 25
18 6 23 25
18 7 24 25
18 8 17 26
18 9 18 26
18 10 19 26
18 11 20 26
18 12 21 26
18 13 22 26
18 14 23 26
18 15 24 26
18 16 17 27
18 17 18 27
18 18 19 27
18 19 20 27
18 20 21 27
18 21 22 27
18 22 23 27
18 23 24 27
18 24 17 28
18 25 18 28
18 26 19 28
18 27 20 28
18 28 21 28
18 29 22 28
18 30 23 28
18 31 24 28
18 32 17 29
18 33 18 29
18 34 19 29
18 35 20 29
18 36 21 29
18 37 22 29
18 38 23 29
18 39 24 29
18 40 17 30
18 41 18 30
18 42 19 30
18 43 20 30
18 44 21 30
18 45 22 30
18 46 23 30
18 47 24 30
18 48 17 31
18 49 18 31
18 50 19 31
18 51 20 31
18 52 21 31
18 53 22 31
18 54 23 31
18 55 24 31
18 56 17 32
18 57 18 32
18 58 19 32
18 59 20 32
18 60 21 32
18 61 22 32
18 62 23 32
18 63 24 32
19 0 17 33
19 1 18 33
19 2 19 33
19 3 20 33
19 4 21 33
19 5 22 33
19 6 23 33
19 7 24 33
19 8 17 34
19 9 18 34
19 10 19 34
19 11 20 34
19 12 21 34
19 13 22 34
19 14 23 34
19 15 24 34
19 16 17 35
19 17 18 35
19 18 19 35
19 19 20 35
19 20 21 35
19 21 22 35
19 22 23 35
19 23 24 35
19 24 17 36
19 25 18 36
19 26 19 36
19 27 20 36
19 28 21 36
19 29 22 36
19 30 23 36
19 31 24 36
19 32 17 37
19 33 18 37
19 34 19 37
19 35 20 37
19 36 21 37
19 37 22 37
19 38 23 37
19 39 24 37
19 40 17 38
19 41 18 38
19 42 19 38
19 43 20 38
19 44 21 38
19 45 22 38
19 46 23 38
19 47 24 38
19 48 17 39
19 49 18 39
19 50 19 39
19 51 20 39
19 52 21 39
19 53 22 39
19 54 23 39
19 55 24 39
19 56 17 40
19 57 18 40
19 58 19 40
19 59 20 40
19 60 21 40
19 61 22 40
19 62 23 40
19 63 24 40
20 0 17 41
20 1 18 41
20 2 19 41
20 3 20 41
20 4 21 41
20 5 22 41
20 6 23 41
20 7 24 41
20 8 17 42
20 9 18 42
20 10 19 42
20 11 20 42
20 12 21 42
20 13 22 42
20 14 23 42
20 15 24 42
20 16 16 43
20 17 17 43
20 18 18 43
20 19 19 43
20 20 20 43
20 21 21 43
20 22 22 43
20 23 23 43
20 24 24 43
20 25 16 44
20 26 17 44
20 27 18 44
20 28 19 44
20 29 20 44
20 30 21 44
20 31 22 44
20 32 23 44
20 33 24 44
20 34 16 45
20 35 17 45
20 36 18 45
20 37 19 45
20 38 20 45
20 39 21 45
20 40 22 45
20 41 23 45
20 42 24 45
20 43 16 46
20 44 17 46
20 45 18 46
20 46 19 46
20 47 20 46
20 48 21 46
20 49 22 46
20 50 23 46
20 51 24 46
20 52 17 47
20 53 18 47
20 54 19 47
20 55 20 47
20 56 21 47
20 57 22 47
20 58 23 47
20 59 24 47
20 60 21 48
20 61 22 48
20 62 23 48
20 63 24 48
21 0 14 3
21 1 15 3
21 2 13 4
21 3 14 4
21 4 15 4
21 5 11 5
21 6 12 5
21 7 13 5
21 8 14 5
21 9 15 5
21 10 10 6
21 11 11 6
21 12 12 6
21 13 13 6
21 14 14 6
21 15 15 6
21 16 9 7
21 17 10 7
21 18 11 7
21 19 12 7
21 20 13 7
21 21 14 7
21 22 15 7
21 23 16 7
21 24 9 8
21 25 10 8
21 26 11 8
21 27 12 8
21 28 13 8
21 29 14 8
21 30 15 8
21 31 16 8
21 32 9 9
21 33 10 9
21 34 11 9
21 35 12 9
21 36 13 9
21 37 14 9
21 38 15 9
21 39 16 9
21 40 9 10
21 41 10 10
21 42 11 10
21 43 12 10
21 44 13 10
21 45 14 10
21 46 15 10
21 47 16 10
21 48 9 11
21 49 10 11
21 50 11 11
21 51 12 11
21 52 13 11
21 53 14 11
21 54 15 11
21 55 16 11
21 56 9 12
21 57 10 12
21 58 11 12
21 59 12 12
21 60 13 12
21 61 14 12
21 62 15 12
21 63 16 12
22 0 9 13
22 1 10 13
22 2 11 13
22 3 12 13
22 4 13 13
22 5 14 13
22 6 15 13
22 7 16 13
22 8 9 14
22 9 10 14
22 10 11 14
22 11 12 14
22 12 13 14
22 13 14 14
22 14 15 14
22 15 16 14
22 16 9 15
22 17 10 15
22 18 11 15
22 19 12 15
22 20 13 15
22 21 14 15
22 22 15 15
22 23 16 15
22 24 9 16
22 25 10 16
22 26 11 16
22 27 12 16
22 28 13 16
22 29 14 16
22 30 15 16
22 31 16 16
22 32 9 17
22 33 10 17
22 34 11 17
22 35 12 17
22 36 13 17
22 37 14 17
22 38 15 17
22 39 16 17
22 40 9 18
22 41 10 18
22 42 11 18
22 43 12 18
22 44 13 18
22 45 14 18
22 46 15 18
22 47 16 18
22 48 9 19
22 49 10 19
22 50 11 19
22 51 12 19
22 52 13 19
22 53 14 19
22 54 15 19
22 55 16 19
22 56 9 20
22 57 10 20
22 58 11 20
22 59 12 20
22 60 13 20
22 61 14 20
22 62 15 20
22 63 16 20
23 0 9 21
23 1 10 21
23 2 11 21
23 3 12 21
23 4 13 21
23 5 14 21
23 6 15 21
23 7 16 21
23 8 9 22
23 9 10 22
23 10 11 22
23 11 12 22
23 12 13 22
23 13 14 22
23 14 15 22
23 15 16 22
23 16 9 23
23 17 10 23
23 18 11 23
23 19 12 23
23 20 13 23
23 21 14 23
23 22 15 23
23 23 16 23
23 24 9 24
23 25 10 24
23 26 11 24
23 27 12 24
23 28 13 24
23 29 14 24
23 30 15 24
23 31 16 24
23 32 9 25
23 33 10 25
23 34 11 25
23 35 12 25
23 36 13 25
23 37 14 25
23 38 15 25
23 39 16 25
23 40 9 26
23 41 10 26
23 42 11 26
23 43 12 26
23 44 13 26
23 45 14 26
23 46 15 26
23 47 16 26
23 48 9 27
23 49 10 27
23 50 11 27
23 51 12 27
23 52 13 27
23 53 14 27
23 54 15 27
23 55 16 27
23 56 9 28
23 57 10 28
23 58 11 28
23 59 12 28
23 60 13 28
23 61 14 28
23 62 15 28
23 63 16 28
24 0 9 29
24 1 10 29
24 2 11 29
24 3 12 29
24 4 13 29
24 5 14 29
24 6 15 29
24 7 16 29
24 8 9 30
24 9 10 30
24 10 11 30
24 11 12 30
24 12 13 30
24 13 14 30
24 14 15 30
24 15 16 30
24 16 9 31
24 17 10 31
24 18 11 31
24 19 12 31
24 20 13 31
24 21 14 31
24 22 15 31
24 23 16 31
24 24 9 32
24 25 10 32
24 26 11 32
24 27 12 32
24 28 13 32
24 29 14 32
24 30 15 32
24 31 16 32
24 32 9 33
24 33 10 33
24 34 11 33
24 35 12 33
24 36 13 33
24 37 14 33
24 38 15 33
24 39 16 33
24 40 9 34
24 41 10 34
24 42 11 34
24 43 12 34
24 44 13 34
24 45 14 34
24 46 15 34
24 47 16 34
24 48 9 35
24 49 10 35
24 50 11 35
24 51 12 35
24 52 13 35
24 53 14 35
24 54 15 35
24 55 16 35
24 56 9 36
24 57 10 36
24 58 11 36
24 59 12 36
24 60 13 36
24 61 14 36
24 62 15 36
24 63 16 36
25 0 9 37
25 1 10 37
25 2 11 37
25 3 12 37
25 4 13 37
25 5 14 37
25 6 15 37
25 7 16 37
25 8 9 38
25 9 10 38
25 10 11 38
25 11 12 38
25 12 13 38
25 13 14 38
25 14 15 38
25 15 16 38
25 16 9 39
25 17 10 39
25 18 11 39
25 19 12 39
25 20 13 39
25 21 14 39
25 22 15 39
25 23 16 39
25 24 9 40
25 25 10 40
25 26 11 40
25 27 12 40
25 28 13 40
25 29 14 40
25 30 15 40
25 31 16 40
25 32 9 41
25 33 10 41
25 34 11 41
25 35 12 41
25 36 13 41
25 37 14 41
25 38 15 41
25 39 16 41
25 40 9 42
25 41 10 42
25 42 11 42
25 43 12 42
25 44 13 42
25 45 14 42
25 46 15 42
25 47 16 42
25 48 10 43
25 49 11 43
25 50 12 43
25 51 13 43
25 52 14 43
25 53 15 43
25 54 11 44
25 55 12 44
25 56 13 44
25 57 14 44
25 58 15 44
25 59 13 45
25 60 14 45
25 61 15 45
25 62 14 46
25 63 15 46
26 0 2 29
26 1 3 29
26 2 4 29
26 3 5 29
26 4 6 29
26 5 7 29
26 6 8 29
26 7 2 30
26 8 3 30
26 9 4 30
26 10 5 30
26 11 6 30
26 12 7 30
26 13 8 30
26 14 2 31
26 15 3 31
26 16 4 31
26 17 5 31
26 18 6 31
26 19 7 31
26 20 8 31
26 21 2 32
26 22 3 32
26 23 4 32
26 24 5 32
26 25 6 32
26 26 7 32
26 27 8 32
26 28 3 33
26 29 4 33
26 30 5 33
26 31 6 33
26 32 7 33
26 33 8 33
26 34 3 34
26 35 4 34
26 36 5 34
26 37 6 34
26 38 7 34
26 39 8 34
26 40 4 35
26 41 5 35
26 42 6 35
26 43 7 35
26 44 8 35
26 45 4 36
26 46 5 36
26 47 6 36
26 48 7 36
26 49 8 36
26 50 5 37
26 51 6 37
26 52 7 37
26 53 8 37
26 54 5 38
26 55 6 38
26 56 7 38
26 57 8 38
26 58 6 39
26 59 7 39
26 60 8 39
26 61 7 40
26 62 8 40
26 63 8 41
27 0 1 21
27 1 2 21
27 2 3 21
27 3 4 21
27 4 5 21
27 5 6 21
27 6 7 21
27 7 8 21
27 8 1 22
27 9 2 22
27 10 3 22
27 11 4 22
27 12 5 22
27 13 6 22
27 14 7 22
27 15 8 22
27 16 1 23
27 17 2 23
27 18 3 23
27 19 4 23
27 20 5 23
27 21 6 23
27 22 7 23
27 23 8 23
27 24 1 24
27 25 2 24
27 26 3 24
27 27 4 24
27 28 5 24
27 29 6 24
27 30 7 24
27 31 8 24
27 32 1 25
27 33 2 25
27 34 3 25
27 35 4 25
27 36 5 25
27 37 6 25
27 38 7 25
27 39 8 25
27 40 1 26
27 41 2 26
27 42 3 26
27 43 4 26
27 44 5 26
27 45 6 26
27 46 7 26
27 47 8 26
27 48 1 27
27 49 2 27
27 50 3 27
27 51 4 27
27 52 5 27
27 53 6 27
27 54 7 27
27 55 8 27
27 56 1 28
27 57 2 28
27 58 3 28
27 59 4 28
27 60 5 28
27 61 6 28
27 62 7 28
27 63 8 28
28 0 8 8
28 1 7 9
28 2 8 9
28 3 6 10
28 4 7 10
28 5 8 10
28 6 5 11
28 7 6 11
28 8 7 11
28 9 8 11
28 10 5 12
28 11 6 12
28 12 7 12
28 13 8 12
28 14 4 13
28 15 5 13
28 16 6 13
28 17 7 13
28 18 8 13
28 19 4 14
28 20 5 14
28 21 6 14
28 22 7 14
28 23 8 14
28 24 3 15
28 25 4 15
28 26 5 15
28 27 6 15
28 28 7 15
28 29 8 15
28 30 3 16
28 31 4 16
28 32 5 16
28 33 6 16
28 34 7 16
28 35 8 16
28 36 2 17
28 37 3 17
28 38 4 17
28 39 5 17
28 40 6 17
28 41 7 17
28 42 8 17
28 43 2 18
28 44 3 18
28 45 4 18
28 46 5 18
28 47 6 18
28 48 7 18
28 49 8 18
28 50 2 19
28 51 3 19
28 52 4 19
28 53 5 19
28 54 6 19
28 55 7 19
28 56 8 19
28 57 2 20
28 58 3 20
28 59 4 20
28 60 5 20
28 61 6 20
28 62 7 20
28 63 8 20
